,3289.T,4755.T,186A.T,1305.T,9434.T,8058.T,7267.T,8698.T,9432.T
3289.T,1.0,0.3655904409932611,0.27932331819460593,0.5821772962772253,0.43725414720028216,0.45336754387429473,0.35188766236326885,0.3262738337327429,0.4462921952212346
4755.T,0.3655904409932611,1.0,0.3327708666492856,0.578392354755133,0.2923879874409396,0.35554573959479147,0.3253938103497199,0.28628119975201394,0.22459881733064577
186A.T,0.27932331819460593,0.3327708666492856,1.0,0.4157375013361802,0.18890955164004972,0.27347798728842154,0.20548276808312876,0.16672385494241135,0.13331167475978048
1305.T,0.5821772962772253,0.578392354755133,0.4157375013361802,1.0,0.4958772014921916,0.6951369770566752,0.5919790818704365,0.4850785069438865,0.5053556680081185
9434.T,0.43725414720028216,0.2923879874409396,0.18890955164004972,0.4958772014921916,1.0,0.3626270027784096,0.25388587967874154,0.22427938858646626,0.5899184539619813
8058.T,0.45336754387429473,0.35554573959479147,0.27347798728842154,0.6951369770566752,0.3626270027784096,1.0,0.4530330903578416,0.3665352252642352,0.3845741085358965
7267.T,0.35188766236326885,0.3253938103497199,0.20548276808312876,0.5919790818704365,0.25388587967874154,0.4530330903578416,1.0,0.2383280762679519,0.29022560528914976
8698.T,0.3262738337327429,0.28628119975201394,0.16672385494241135,0.4850785069438865,0.22427938858646626,0.3665352252642352,0.2383280762679519,1.0,0.17858208812308415
9432.T,0.4462921952212346,0.22459881733064577,0.13331167475978048,0.5053556680081185,0.5899184539619813,0.3845741085358965,0.29022560528914976,0.17858208812308415,1.0
