,3289.T,4755.T,186A.T,1305.T,9434.T,8058.T,7267.T,8698.T,9432.T
3289.T,1.0,0.3655904409932611,0.27932331819460593,0.5821772962772253,0.4372546412258937,0.45336754387429473,0.35188766236326885,0.32627392165236546,0.44629228677209837
4755.T,0.3655904409932611,1.0,0.3327708666492856,0.578392354755133,0.2923881569752404,0.35554573959479147,0.3253938103497199,0.28628130207645863,0.22459894665705532
186A.T,0.27932331819460593,0.3327708666492856,1.0,0.4157375013361802,0.18890973635861605,0.27347798728842154,0.20548276808312876,0.16672379505483773,0.13331161301739092
1305.T,0.5821772962772253,0.578392354755133,0.4157375013361802,1.0,0.49587734308756864,0.6951369770566752,0.5919790818704365,0.4850785436173342,0.5053559444196672
9434.T,0.4372546412258937,0.2923881569752404,0.18890973635861605,0.49587734308756864,1.0,0.36262704802934653,0.2538857648208731,0.22427930123092712,0.5899184164816031
8058.T,0.45336754387429473,0.35554573959479147,0.27347798728842154,0.6951369770566752,0.36262704802934653,1.0,0.4530330903578416,0.36653524225462136,0.3845738958998837
7267.T,0.35188766236326885,0.3253938103497199,0.20548276808312876,0.5919790818704365,0.2538857648208731,0.4530330903578416,1.0,0.23832822189873135,0.29022528484196064
8698.T,0.32627392165236546,0.28628130207645863,0.16672379505483773,0.4850785436173342,0.22427930123092712,0.36653524225462136,0.23832822189873135,1.0,0.17858270657801734
9432.T,0.44629228677209837,0.22459894665705532,0.13331161301739092,0.5053559444196672,0.5899184164816031,0.3845738958998837,0.29022528484196064,0.17858270657801734,1.0
