,3289.T,4755.T,186A.T,1305.T,9434.T,8058.T,7267.T,8698.T,9432.T
3289.T,1.0,0.3655904409932611,0.27932331819460593,0.5821772962772253,0.43725414720028216,0.45336754387429473,0.3518879074081272,0.32627392165236546,0.4462921952212346
4755.T,0.3655904409932611,1.0,0.3327708666492856,0.578392354755133,0.2923879874409396,0.35554573959479147,0.3253939374882922,0.28628130207645863,0.22459881733064577
186A.T,0.27932331819460593,0.3327708666492856,1.0,0.4157375013361802,0.18890955164004972,0.27347798728842154,0.2054829818747919,0.16672379505483773,0.13331167475978048
1305.T,0.5821772962772253,0.578392354755133,0.4157375013361802,1.0,0.4958772014921916,0.6951369770566752,0.591979239530432,0.4850785436173342,0.5053556680081185
9434.T,0.43725414720028216,0.2923879874409396,0.18890955164004972,0.4958772014921916,1.0,0.3626270027784096,0.2538859597113557,0.22427947102801832,0.5899184539619813
8058.T,0.45336754387429473,0.35554573959479147,0.27347798728842154,0.6951369770566752,0.3626270027784096,1.0,0.45303325240633674,0.36653524225462136,0.3845741085358965
7267.T,0.3518879074081272,0.3253939374882922,0.2054829818747919,0.591979239530432,0.2538859597113557,0.45303325240633674,1.0,0.2383282603508719,0.2902256454868419
8698.T,0.32627392165236546,0.28628130207645863,0.16672379505483773,0.4850785436173342,0.22427947102801832,0.36653524225462136,0.2383282603508719,1.0,0.17858212202692508
9432.T,0.4462921952212346,0.22459881733064577,0.13331167475978048,0.5053556680081185,0.5899184539619813,0.3845741085358965,0.2902256454868419,0.17858212202692508,1.0
