,3289.T,4755.T,186A.T,1305.T,9434.T,8058.T,8173.T,7267.T,8698.T
3289.T,1.0,0.3655904409932611,0.27932331819460593,0.5821772962772253,0.43725414720028216,0.45336754387429473,0.4599041029534182,0.3518879074081272,0.3262738337327429
4755.T,0.3655904409932611,1.0,0.3327708666492856,0.578392354755133,0.2923879874409396,0.35554573959479147,0.3050531539967306,0.3253939374882922,0.28628119975201394
186A.T,0.27932331819460593,0.3327708666492856,1.0,0.4157375013361802,0.18890955164004972,0.27347798728842154,0.2509826282753695,0.2054829818747919,0.16672385494241135
1305.T,0.5821772962772253,0.578392354755133,0.4157375013361802,1.0,0.4958772014921916,0.6951369770566752,0.50031544609237,0.591979239530432,0.4850785069438865
9434.T,0.43725414720028216,0.2923879874409396,0.18890955164004972,0.4958772014921916,1.0,0.3626270027784096,0.35391918531306443,0.2538859597113557,0.22427938858646626
8058.T,0.45336754387429473,0.35554573959479147,0.27347798728842154,0.6951369770566752,0.3626270027784096,1.0,0.402568170180275,0.45303325240633674,0.3665352252642352
8173.T,0.4599041029534182,0.3050531539967306,0.2509826282753695,0.50031544609237,0.35391918531306443,0.402568170180275,1.0,0.3593745321831207,0.2128262164244162
7267.T,0.3518879074081272,0.3253939374882922,0.2054829818747919,0.591979239530432,0.2538859597113557,0.45303325240633674,0.3593745321831207,1.0,0.23832811471948706
8698.T,0.3262738337327429,0.28628119975201394,0.16672385494241135,0.4850785069438865,0.22427938858646626,0.3665352252642352,0.2128262164244162,0.23832811471948706,1.0
