,3289.T,4755.T,186A.T,1305.T,9434.T,8058.T,7267.T,8698.T,9432.T
3289.T,1.0,0.36559035276464497,0.27932339179416815,0.5821773502554799,0.43725465483203824,0.4533671711921695,0.3518877808918679,0.3262737394463319,0.4462923698065243
4755.T,0.36559035276464497,1.0,0.3327708666492856,0.578392354755133,0.2923881569752404,0.35554580911397266,0.3253938103497199,0.28628119975201394,0.22459894665705532
186A.T,0.27932339179416815,0.3327708666492856,1.0,0.4157375013361802,0.18890973635861605,0.273478029779626,0.20548276808312876,0.16672385494241135,0.13331161301739092
1305.T,0.5821773502554799,0.578392354755133,0.4157375013361802,1.0,0.49587734308756864,0.6951367357018806,0.5919790818704365,0.4850785069438865,0.5053559444196672
9434.T,0.43725465483203824,0.2923881569752404,0.18890973635861605,0.49587734308756864,1.0,0.36262678676538457,0.2538857648208731,0.22427921879038598,0.5899184164816031
8058.T,0.4533671711921695,0.35554580911397266,0.273478029779626,0.6951367357018806,0.36262678676538457,1.0,0.4530330449153718,0.3665349998315894,0.3845736393086985
7267.T,0.3518877808918679,0.3253938103497199,0.20548276808312876,0.5919790818704365,0.2538857648208731,0.4530330449153718,1.0,0.2383280762679519,0.29022528484196064
8698.T,0.3262737394463319,0.28628119975201394,0.16672385494241135,0.4850785069438865,0.22427921879038598,0.3665349998315894,0.2383280762679519,1.0,0.1785826726747891
9432.T,0.4462923698065243,0.22459894665705532,0.13331161301739092,0.5053559444196672,0.5899184164816031,0.3845736393086985,0.29022528484196064,0.1785826726747891,1.0
